'Saturday-00',20260627,0,20260704,0,20260704,2,20260711,0,20260711,2,20260718,0,20260725,0,20260801,0,20260808,0,20260815,0,20260822,0,20260829,0
'Sunday-00',20260628,0,20260701,1,20260705,0,20260705,2,20260712,0,20260712,2,20260719,0,20260726,0,20260802,0,20260803,1,20260809,0,20260816,0,20260823,0,20260830,0
'Weekday-00',20260622,0,20260623,0,20260624,0,20260625,0,20260626,0,20260629,0,20260630,0,20260701,0,20260701,2,20260702,0,20260702,2,20260703,0,20260703,2,20260706,0,20260706,2,20260707,0,20260707,2,20260708,0,20260708,2,20260709,0,20260709,2,20260710,0,20260710,2,20260713,0,20260713,2,20260714,0,20260715,0,20260716,0,20260717,0,20260720,0,20260721,0,20260722,0,20260723,0,20260724,0,20260727,0,20260728,0,20260729,0,20260730,0,20260731,0,20260803,0,20260803,2,20260804,0,20260805,0,20260806,0,20260807,0,20260810,0,20260811,0,20260812,0,20260813,0,20260814,0,20260817,0,20260818,0,20260819,0,20260820,0,20260821,0,20260824,0,20260825,0,20260826,0,20260827,0,20260828,0
'LRTastWK-Weekday-00',20260713,0
'LRTparWK-Weekday-00',20260703,0
'LRTstSAP-Weekday-00',20260702,0
'LRTstSAT-Saturday-00',20260704,0,20260711,0
'LRTstSUN-Sunday-00',20260712,0
'LRTstSUN-Sunday-01',20260705,0
'LRTstWK-Weekday-00',20260706,0,20260707,0,20260708,0,20260709,0,20260710,0
