20100,6818,1,0
20100,6817,2,0
20100,6816,3,0
20100,4934,4,0
20100,4155,5,0
20100,3816,6,0
20100,3640,7,1
20100,9390,8,0
20100,9391,9,0
20100,9261,10,0
20100,9262,11,0
20100,6801,12,0
20100,6802,13,0
20100,6803,14,0
20100,6804,15,0
20100,6805,16,0
20100,6806,17,0
20100,6807,18,0
20100,6822,19,0
20100,6823,20,0
20100,6824,21,0
20100,6825,22,0
20100,3639,23,1
20100,6820,24,0
20100,6819,25,0
20101,3641,1,0
20101,3817,2,0
20101,3960,3,0
20101,6815,4,0
20101,8566,5,0
20101,8565,6,0
20101,8564,7,0
20101,8563,8,0
20101,8562,9,0
20101,3639,10,0
20101,6827,11,0
20101,6828,12,0
20101,6829,13,0
20101,6830,14,0
20101,6831,15,0
20101,8556,16,0
20101,8557,17,0
20101,8558,18,0
20101,8559,19,0
20101,8560,20,0
20101,8561,21,0
20101,9263,22,0
20101,9264,23,0
20101,9387,24,0
20101,9392,25,0
20101,9386,26,1
20200,3627,1,0
20200,3629,2,0
20200,3631,3,0
20200,3633,4,0
20200,3635,5,0
20200,3637,6,0
20200,3639,7,0
20200,6827,8,0
20200,6828,9,0
20200,6829,10,0
20200,6830,11,0
20200,6831,12,0
20200,6814,13,0
20200,6813,14,0
20200,6812,15,0
20200,6811,16,0
20200,6810,17,0
20200,6809,18,0
20200,9385,19,0
20200,9896,20,0
20200,9396,21,0
20200,9398,22,1
20201,9781,1,0
20201,6747,2,0
20201,9897,3,0
20201,6808,4,0
20201,8572,5,0
20201,8571,6,0
20201,8570,7,0
20201,8569,8,0
20201,8568,9,0
20201,8567,10,0
20201,6822,11,0
20201,6823,12,0
20201,6824,13,0
20201,6825,14,0
20201,3638,15,0
20201,3636,16,0
20201,3634,17,0
20201,3632,18,0
20201,3630,19,0
20201,3628,20,0
20201,3626,21,1
